8000
1
1643
1
2008
1
6670
1
8622
1
6860
1
311
1
4147
1
2897
1
7968
1
2483
1
6651
1
904
1
8455
1
3138
1
582
1
9409
1
7819
1
6036
1
9237
1
3191
1
5765
1
1435
1
5627
1
144
1
4926
1
1542
1
1005
1
7484
1
463
1
507
1
1731
1
5492
1
8313
1
9785
1
666
1
3708
1
5708
1
8595
1
6643
1
3672
1
702
1
5699
1
6979
1
2046
1
7145
1
5384
1
4185
1
905
1
4663
1
4662
1
1483
1
9362
1
9717
1
5185
1
5093
1
4169
1
7713
1
3639
1
4859
1
3036
1
6430
1
1515
1
127
1
9118
1
4576
1
9630
1
9398
1
3292
1
7158
1
2412
1
6026
1
6148
1
6119
1
7357
1
6967
1
8425
1
4319
1
230
1
1156
1
5042
1
907
1
6183
1
490
1
576
1
5041
1
5668
1
1355
1
8574
1
1937
1
2181
1
11
1
2258
1
9570
1
5171
1
8509
1
6005
1
4539
1
820
1
2595
1
6278
1
9278
1
7077
1
5669
1
2590
1
2665
1
6328
1
8584
1
1210
1
6885
1
8404
1
7205
1
9546
1
2740
1
9588
1
1858
1
4171
1
840
1
1260
1
8964
1
4237
1
7392
1
1151
1
1245
1
589
1
1179
1
1719
1
2368
1
4469
1
9249
1
975
1
1060
1
8802
1
4990
1
9583
1
3705
1
8609
1
9798
1
8402
1
2673
1
7199
1
1216
1
4621
1
9803
1
7242
1
693
1
6752
1
3704
1
491
1
9070
1
6369
1
7582
1
2415
1
6772
1
2662
1
8091
1
3981
1
805
1
5841
1
6896
1
4685
1
2057
1
5101
1
6197
1
57
1
5731
1
9777
1
5970
1
8068
1
354
1
9655
1
7082
1
4784
1
3296
1
7070
1
6717
1
8975
1
7450
1
4652
1
1141
1
3478
1
6468
1
7665
1
7826
1
1452
1
2670
1
869
1
9456
1
6702
1
4572
1
3715
1
558
1
9841
1
1313
1
5608
1
6223
1
2426
1
8075
1
8682
1
501
1
9509
1
5666
1
9856
1
8268
1
4037
1
3635
1
6861
1
9395
1
7732
1
2130
1
5066
1
2093
1
8472
1
4534
1
9438
1
1934
1
8541
1
8910
1
3361
1
2642
1
1263
1
1244
1
8929
1
1988
1
4600
1
301
1
891
1
380
1
8015
1
8730
1
7745
1
1136
1
8079
1
3461
1
6881
1
8210
1
9172
1
3312
1
6028
1
902
1
1654
1
3244
1
2746
1
4563
1
414
1
9055
1
7131
1
4757
1
3574
1
9244
1
6436
1
5700
1
665
1
4909
1
9967
1
6734
1
6325
1
9004
1
3721
1
6440
1
291
1
6571
1
9648
1
7244
1
4741
1
772
1
4651
1
4416
1
4839
1
2862
1
2885
1
4414
1
7418
1
3952
1
8891
1
4423
1
6715
1
7469
1
6725
1
2063
1
9908
1
5231
1
1149
1
5241
1
1587
1
5365
1
855
1
294
1
2110
1
5909
1
8416
1
4166
1
2104
1
5649
1
8768
1
947
1
1482
1
7277
1
1316
1
3378
1
7978
1
7101
1
1241
1
526
1
8888
1
6248
1
3201
1
5601
1
2435
1
9746
1
7190
1
9834
1
6036
1
5840
1
1133
1
2825
1
7861
1
7420
1
9998
1
7565
1
5035
1
8155
1
6747
1
1146
1
2921
1
3918
1
5605
1
8611
1
6491
1
1307
1
4998
1
9086
1
7138
1
7859
1
8115
1
3300
1
5650
1
9621
1
804
1
7691
1
5163
1
576
1
3242
1
203
1
9554
1
228
1
2508
1
3316
1
2895
1
2706
1
1414
1
7236
1
5935
1
7279
1
4114
1
7014
1
1582
1
8581
1
6324
1
9138
1
7373
1
9058
1
4888
1
9282
1
9561
1
8715
1
9057
1
4498
1
7718
1
9546
1
2383
1
5563
1
2860
1
9657
1
3481
1
3509
1
8439
1
1934
1
1145
1
8852
1
5390
1
7605
1
1794
1
3805
1
1240
1
5935
1
9249
1
579
1
2586
1
3130
1
6434
1
3811
1
9112
1
3217
1
1956
1
2763
1
2420
1
8689
1
700
1
4352
1
4665
1
2120
1
4035
1
335
1
6971
1
9523
1
9594
1
9703
1
3285
1
6373
1
4146
1
9110
1
8298
1
1738
1
9950
1
162
1
4475
1
4388
1
3923
1
7919
1
7287
1
4419
1
3616
1
8737
1
8612
1
4408
1
1846
1
3613
1
6377
1
6867
1
1741
1
6616
1
6456
1
5748
1
2554
1
1643
1
1184
1
2739
1
7806
1
8759
1
2772
1
5236
1
1876
1
3811
1
6586
1
4850
1
1115
1
6549
1
4084
1
1092
1
5096
1
566
1
4387
1
9722
1
8075
1
3285
1
309
1
3460
1
5897
1
8051
1
3124
1
8538
1
5865
1
4234
1
9157
1
9757
1
9338
1
7889
1
8407
1
3265
1
1846
1
1598
1
4790
1
5602
1
5485
1
7315
1
6049
1
219
1
3555
1
9804
1
299
1
3038
1
1567
1
5559
1
4417
1
8706
1
2277
1
530
1
5832
1
2981
1
163
1
9911
1
2921
1
3332
1
4330
1
445
1
9504
1
6958
1
8748
1
5639
1
9314
1
9203
1
4140
1
4424
1
9934
1
7862
1
2176
1
4721
1
8022
1
2303
1
2351
1
3461
1
3262
1
9912
1
9119
1
1728
1
6397
1
5874
1
23
1
4652
1
4770
1
500
1
4666
1
9055
1
7392
1
6348
1
4172
1
4712
1
1718
1
1051
1
2279
1
827
1
5387
1
5265
1
6529
1
3477
1
7940
1
5421
1
5026
1
2568
1
9105
1
1415
1
9766
1
4212
1
4216
1
327
1
8483
1
8496
1
5987
1
7472
1
8915
1
3859
1
9818
1
4459
1
7607
1
2906
1
4265
1
7040
1
5799
1
4288
1
8913
1
6252
1
151
1
2019
1
9246
1
2443
1
2747
1
2811
1
6961
1
9019
1
1578
1
6643
1
7882
1
4
1
8347
1
3813
1
9470
1
2751
1
5901
1
6474
1
3351
1
3050
1
9778
1
9132
1
161
1
1588
1
4682
1
6096
1
7541
1
1671
1
5293
1
3559
1
6053
1
5362
1
9131
1
9275
1
3217
1
8934
1
4634
1
3661
1
6258
1
5726
1
7662
1
1386
1
4684
1
365
1
3974
1
8494
1
3804
1
7855
1
2964
1
4560
1
3930
1
595
1
7131
1
648
1
7604
1
6206
1
9008
1
1150
1
3233
1
8346
1
8873
1
8918
1
1792
1
5300
1
241
1
738
1
2053
1
2827
1
5860
1
8348
1
1281
1
7323
1
1842
1
8427
1
2905
1
3978
1
1926
1
2815
1
7771
1
396
1
7297
1
781
1
6483
1
8183
1
6926
1
3389
1
40
1
8478
1
2828
1
3282
1
3565
1
5821
1
3061
1
4155
1
9268
1
6584
1
6655
1
7910
1
8438
1
6587
1
2533
1
1176
1
2859
1
11
1
8553
1
5428
1
8898
1
7871
1
6010
1
3976
1
3326
1
3910
1
1855
1
8792
1
5366
1
1992
1
5642
1
529
1
8173
1
1143
1
7629
1
8359
1
3375
1
4058
1
4454
1
8565
1
4105
1
696
1
5603
1
1159
1
4150
1
8834
1
8307
1
8599
1
6005
1
335
1
523
1
6587
1
5343
1
8315
1
1880
1
2387
1
8649
1
5993
1
5087
1
6174
1
1144
1
6016
1
4740
1
9005
1
3199
1
6220
1
9150
1
4654
1
7768
1
4552
1
7469
1
2247
1
5657
1
7133
1
257
1
5419
1
2475
1
6378
1
5651
1
8096
1
7116
1
466
1
165
1
3782
1
8951
1
5366
1
311
1
1592
1
201
1
6428
1
1376
1
6893
1
1877
1
2516
1
2421
1
205
1
8816
1
268
1
3211
1
850
1
9964
1
84
1
5419
1
8449
1
698
1
8072
1
7890
1
1292
1
7323
1
4709
1
8125
1
7959
1
7440
1
6638
1
5948
1
6557
1
7382
1
5178
1
9736
1
537
1
2255
1
7999
1
2117
1
3860
1
3170
1
5022
1
6290
1
713
1
7456
1
3429
1
1118
1
7556
1
6951
1
9159
1
4919
1
1468
1
7024
1
3002
1
3297
1
8013
1
3306
1
8372
1
5948
1
6210
1
2655
1
5128
1
3238
1
6867
1
1101
1
1268
1
2075
1
4810
1
2998
1
3317
1
6904
1
1612
1
6185
1
1350
1
9532
1
4171
1
3398
1
508
1
9664
1
2096
1
1791
1
773
1
7685
1
3735
1
5930
1
9843
1
192
1
1146
1
7885
1
9093
1
133
1
9426
1
8700
1
1836
1
2570
1
608
1
8803
1
1747
1
940
1
4986
1
2747
1
5541
1
1810
1
5160
1
1000
1
8834
1
3824
1
9958
1
4221
1
1904
1
1293
1
4686
1
8345
1
6594
1
9199
1
9217
1
6836
1
5771
1
5824
1
2802
1
2790
1
7307
1
498
1
3542
1
5768
1
4806
1
6205
1
8520
1
8589
1
3182
1
9663
1
5921
1
5151
1
8613
1
5219
1
7473
1
8764
1
9173
1
5600
1
2903
1
6250
1
2313
1
3762
1
5438
1
6113
1
581
1
4190
1
7480
1
3126
1
5420
1
4549
1
9339
1
6399
1
1348
1
6837
1
746
1
926
1
9303
1
9214
1
9820
1
742
1
4918
1
7487
1
8829
1
9044
1
4748
1
1871
1
5355
1
8018
1
474
1
5203
1
8421
1
9227
1
6820
1
4628
1
8243
1
8610
1
4547
1
8993
1
614
1
5873
1
1164
1
8908
1
7579
1
1136
1
8718
1
6603
1
2195
1
9466
1
7594
1
5752
1
7079
1
1053
1
3312
1
315
1
1264
1
6049
1
7280
1
7915
1
1833
1
91
1
1438
1
633
1
7776
1
39
1
6300
1
4476
1
9738
1
6581
1
6695
1
3993
1
6253
1
6470
1
2710
1
9082
1
7666
1
436
1
2684
1
3642
1
6408
1
7146
1
8102
1
1103
1
7842
1
9027
1
5254
1
348
1
6708
1
9416
1
3089
1
9627
1
5613
1
7294
1
5546
1
3253
1
3114
1
8577
1
3601
1
8178
1
441
1
1717
1
9117
1
2014
1
5208
1
2634
1
9091
1
3671
1
5814
1
5618
1
3275
1
5253
1
2522
1
6340
1
6580
1
1450
1
5535
1
582
1
3061
1
9619
1
8630
1
6271
1
7912
1
5135
1
9367
1
2711
1
7175
1
4137
1
2983
1
4199
1
2475
1
2477
1
1831
1
7722
1
6915
1
4262
1
2956
1
3327
1
5589
1
898
1
3821
1
2374
1
9519
1
2632
1
3399
1
7565
1
2399
1
3725
1
9219
1
9141
1
4160
1
9481
1
3340
1
6335
1
4903
1
2329
1
312
1
201
1
5612
1
7497
1
9504
1
4669
1
9584
1
565
1
2252
1
7559
1
434
1
7505
1
9153
1
4525
1
6567
1
2352
1
5831
1
9206
1
761
1
9658
1
9007
1
377
1
8396
1
4736
1
9427
1
5837
1
2078
1
8486
1
3244
1
3260
1
318
1
9272
1
7863
1
235
1
3544
1
6716
1
6719
1
32
1
9363
1
9372
1
9622
1
4262
1
5785
1
391
1
5298
1
3882
1
4347
1
9733
1
1264
1
7087
1
9150
1
8521
1
9533
1
3394
1
1833
1
370
1
2309
1
4602
1
3539
1
9182
1
1258
1
8070
1
655
1
6103
1
7116
1
2028
1
7434
1
1519
1
9275
1
3575
1
9399
1
8437
1
8388
1
4680
1
3482
1
2387
1
221
1
2630
1
8057
1
5749
1
8564
1
2308
1
991
1
7991
1
4519
1
7735
1
9593
1
4398
1
8501
1
6413
1
3644
1
3295
1
6305
1
4927
1
7174
1
2656
1
2529
1
3898
1
8620
1
9474
1
9917
1
5174
1
4114
1
5546
1
3715
1
3046
1
4413
1
2596
1
2001
1
3938
1
7170
1
1939
1
9231
1
3979
1
8809
1
9446
1
1171
1
2004
1
3912
1
8102
1
2987
1
9777
1
1137
1
6211
1
9518
1
1057
1
2658
1
7448
1
6465
1
9847
1
2870
1
7615
1
1087
1
1251
1
3247
1
9153
1
3358
1
7371
1
1446
1
3233
1
5716
1
5068
1
2132
1
891
1
7076
1
4172
1
6558
1
6126
1
3623
1
2988
1
6401
1
8884
1
5801
1
6066
1
2864
1
4940
1
2004
1
5408
1
1561
1
1688
1
9030
1
8841
1
4012
1
2159
1
2495
1
9089
1
5331
1
703
1
848
1
6817
1
2582
1
1217
1
6443
1
1362
1
5423
1
4925
1
3345
1
7798
1
2392
1
3114
1
4821
1
8364
1
3321
1
1515
1
9810
1
6121
1
7457
1
893
1
7797
1
4821
1
2829
1
2421
1
9914
1
7584
1
8032
1
4498
1
1529
1
782
1
1578
1
1382
1
7184
1
7789
1
2788
1
1306
1
3736
1
3551
1
2481
1
2982
1
272
1
8080
1
7457
1
3436
1
6125
1
27
1
1880
1
1798
1
5537
1
1060
1
5734
1
4079
1
3942
1
8752
1
8573
1
791
1
3985
1
8403
1
3953
1
1604
1
7522
1
464
1
3778
1
3641
1
4578
1
3885
1
1967
1
5566
1
5250
1
215
1
338
1
7248
1
8962
1
8669
1
8464
1
1483
1
7315
1
7465
1
7031
1
1277
1
5801
1
6083
1
4038
1
3209
1
8227
1
2731
1
324
1
6331
1
3721
1
6979
1
3495
1
5607
1
2686
1
6220
1
5097
1
9849
1
6626
1
2676
1
3580
1
3811
1
3740
1
1667
1
8771
1
4155
1
1780
1
8171
1
9602
1
378
1
8618
1
7801
1
7719
1
191
1
8029
1
8353
1
3414
1
5483
1
1097
1
6127
1
4821
1
2197
1
3289
1
2495
1
5130
1
4516
1
5303
1
3428
1
2263
1
8145
1
5410
1
3406
1
9828
1
673
1
8216
1
1305
1
7092
1
7461
1
6193
1
905
1
5101
1
7663
1
3136
1
5313
1
383
1
1706
1
2457
1
4301
1
3076
1
7915
1
9432
1
8942
1
4482
1
9306
1
6428
1
1032
1
2168
1
8294
1
6969
1
5039
1
2247
1
6069
1
1376
1
9292
1
6154
1
6381
1
2893
1
9019
1
2247
1
1266
1
8910
1
128
1
5375
1
8242
1
7178
1
4692
1
8505
1
6328
1
752
1
8563
1
2204
1
2292
1
5597
1
2716
1
2652
1
6151
1
8683
1
5734
1
5350
1
1833
1
1061
1
8396
1
7428
1
2311
1
2603
1
8265
1
7005
1
4885
1
883
1
1241
1
609
1
3663
1
7853
1
4333
1
467
1
455
1
8803
1
6184
1
7236
1
6496
1
5139
1
414
1
7666
1
22
1
1127
1
8373
1
6534
1
4605
1
1849
1
7697
1
7062
1
9311
1
4163
1
996
1
9660
1
3433
1
1509
1
290
1
1240
1
4064
1
9729
1
862
1
5502
1
7548
1
8428
1
3326
1
9721
1
8862
1
3024
1
1572
1
3591
1
1815
1
1127
1
7377
1
2934
1
7822
1
9616
1
4130
1
2006
1
3400
1
6877
1
1001
1
7914
1
1843
1
1511
1
1963
1
2934
1
3391
1
5278
1
5716
1
2543
1
5750
1
5450
1
4563
1
5364
1
1722
1
6610
1
5885
1
8897
1
8198
1
8426
1
7537
1
6174
1
7751
1
3925
1
2352
1
9924
1
9183
1
5919
1
951
1
2884
1
118
1
6958
1
9859
1
4971
1
3522
1
4795
1
4234
1
7792
1
5274
1
5574
1
3563
1
2468
1
5058
1
9366
1
8069
1
3266
1
6014
1
9334
1
2603
1
182
1
6368
1
2173
1
7535
1
279
1
1392
1
5260
1
6700
1
7064
1
3923
1
1648
1
1644
1
9614
1
4827
1
6773
1
7451
1
2735
1
7564
1
6362
1
8063
1
8444
1
5447
1
5101
1
7382
1
6927
1
4969
1
4766
1
493
1
371
1
4956
1
6012
1
5215
1
985
1
7590
1
5824
1
5309
1
5602
1
5800
1
2501
1
8419
1
1780
1
2122
1
9203
1
8918
1
2114
1
4621
1
7871
1
641
1
4839
1
4592
1
7452
1
951
1
4665
1
5610
1
1446
1
5168
1
3162
1
5596
1
1636
1
6248
1
859
1
6972
1
2474
1
4537
1
1415
1
3112
1
3585
1
725
1
468
1
5043
1
6007
1
6335
1
264
1
3558
1
6389
1
2136
1
22
1
9634
1
717
1
6693
1
5147
1
9211
1
6148
1
8001
1
7267
1
4441
1
991
1
4028
1
9613
1
3573
1
3153
1
5226
1
8205
1
949
1
9121
1
3635
1
7479
1
2944
1
8691
1
8531
1
2085
1
507
1
5635
1
4486
1
9769
1
5614
1
7478
1
9934
1
1232
1
1273
1
1440
1
4735
1
4714
1
3783
1
1141
1
2674
1
9381
1
7900
1
9464
1
5569
1
3003
1
3062
1
2047
1
1358
1
2901
1
685
1
5562
1
6172
1
1539
1
1682
1
4430
1
1065
1
1879
1
2026
1
4864
1
7846
1
91
1
3089
1
3686
1
638
1
7151
1
410
1
1640
1
3815
1
7285
1
1064
1
4536
1
8829
1
1859
1
5774
1
3525
1
4900
1
8147
1
4154
1
27
1
4582
1
1902
1
7327
1
5895
1
8748
1
3662
1
8760
1
3832
1
6013
1
472
1
883
1
2743
1
5167
1
1189
1
3687
1
1129
1
1312
1
8857
1
2851
1
4608
1
3471
1
5553
1
3852
1
9484
1
335
1
8874
1
9785
1
4669
1
2551
1
4727
1
9823
1
6033
1
5227
1
7753
1
9496
1
9549
1
9992
1
2172
1
5539
1
6124
1
7456
1
1099
1
6654
1
6956
1
8508
1
4240
1
637
1
3876
1
710
1
9774
1
8165
1
2832
1
315
1
8085
1
1048
1
5574
1
6267
1
4642
1
7103
1
4551
1
722
1
2739
1
1745
1
3906
1
7685
1
9303
1
9758
1
1104
1
884
1
5924
1
714
1
9616
1
9874
1
3377
1
3560
1
816
1
3358
1
447
1
9460
1
4168
1
6233
1
8517
1
8262
1
584
1
3752
1
4568
1
9844
1
7288
1
7644
1
3596
1
2435
1
6903
1
5366
1
6057
1
82
1
6481
1
9030
1
8453
1
7330
1
3382
1
5881
1
2748
1
7664
1
3012
1
3074
1
226
1
6805
1
2848
1
7599
1
2947
1
1840
1
2703
1
4638
1
624
1
2022
1
5301
1
8555
1
5185
1
2548
1
8646
1
9087
1
6453
1
185
1
624
1
3385
1
2270
1
4981
1
435
1
2895
1
8638
1
1900
1
1538
1
4994
1
4183
1
9743
1
1578
1
4826
1
1553
1
3596
1
3593
1
6518
1
108
1
9178
1
8182
1
2118
1
1337
1
7045
1
8738
1
1604
1
7668
1
283
1
279
1
7271
1
7621
1
5673
1
1619
1
719
1
6436
1
4476
1
9289
1
294
1
8550
1
30
1
6182
1
3807
1
7491
1
7520
1
3485
1
6396
1
2948
1
2674
1
7063
1
9132
1
760
1
4949
1
1797
1
8808
1
8354
1
9586
1
2515
1
2321
1
6127
1
2226
1
378
1
5726
1
4020
1
336
1
322
1
6048
1
6257
1
2485
1
7542
1
1505
1
5745
1
1819
1
7803
1
1169
1
43
1
514
1
8266
1
1007
1
2466
1
7999
1
9469
1
6729
1
1521
1
9366
1
610
1
8809
1
795
1
5109
1
3221
1
1081
1
3141
1
1674
1
209
1
9912
1
9167
1
2629
1
4924
1
2184
1
4048
1
642
1
2966
1
4035
1
5894
1
4562
1
403
1
240
1
8053
1
2593
1
1068
1
5058
1
4917
1
7866
1
2327
1
3614
1
8203
1
1498
1
2269
1
5492
1
6100
1
4204
1
4826
1
4347
1
4085
1
2214
1
9256
1
2516
1
9576
1
645
1
6592
1
6265
1
2686
1
9179
1
5774
1
4711
1
4071
1
1441
1
4752
1
4615
1
8472
1
9623
1
9712
1
6140
1
2675
1
5136
1
1110
1
338
1
2972
1
2915
1
1727
1
4614
1
1896
1
8557
1
1014
1
775
1
2594
1
187
1
8260
1
7943
1
6577
1
2746
1
5255
1
2040
1
9727
1
4218
1
9325
1
850
1
8516
1
6460
1
4676
1
5353
1
4395
1
2343
1
1218
1
5914
1
9921
1
9690
1
256
1
8317
1
3631
1
1973
1
490
1
4648
1
6142
1
4039
1
9509
1
1443
1
6696
1
6019
1
7266
1
1522
1
1005
1
9621
1
6373
1
1932
1
3482
1
3098
1
3395
1
8849
1
289
1
1708
1
2450
1
5142
1
4030
1
7298
1
3694
1
4197
1
8953
1
4662
1
1213
1
8760
1
3842
1
3076
1
9987
1
4552
1
1905
1
1778
1
5811
1
9477
1
4454
1
4583
1
5848
1
4137
1
9314
1
5795
1
828
1
8433
1
9367
1
9331
1
5882
1
3267
1
9642
1
4443
1
9919
1
4475
1
3983
1
3805
1
9185
1
3285
1
3393
1
6344
1
6954
1
1345
1
9790
1
8415
1
2064
1
9649
1
2731
1
7198
1
1702
1
4444
1
941
1
6270
1
7347
1
2771
1
3831
1
4432
1
6474
1
4126
1
1608
1
2448
1
5320
1
7582
1
9962
1
6284
1
3151
1
4149
1
7913
1
8484
1
9019
1
3722
1
3892
1
9920
1
6600
1
4901
1
8043
1
5104
1
6820
1
8374
1
8606
1
337
1
1185
1
3483
1
6744
1
1261
1
7964
1
1761
1
9480
1
2289
1
2533
1
2659
1
9458
1
4218
1
5372
1
4874
1
5897
1
8684
1
3401
1
733
1
8217
1
6365
1
7947
1
8503
1
1023
1
9932
1
6660
1
9968
1
8726
1
2938
1
3158
1
7609
1
1965
1
3403
1
6895
1
1900
1
5267
1
6477
1
5562
1
9264
1
5533
1
7050
1
8700
1
6607
1
7332
1
8025
1
7952
1
7283
1
888
1
5952
1
1887
1
7743
1
7768
1
3862
1
5060
1
3492
1
3791
1
2403
1
6095
1
9556
1
6907
1
5029
1
6964
1
1851
1
6637
1
5433
1
4268
1
2091
1
4491
1
6993
1
5944
1
5343
1
9231
1
1
1
2996
1
6203
1
5134
1
1126
1
2631
1
4218
1
488
1
923
1
561
1
5685
1
9214
1
6125
1
9572
1
5857
1
39
1
4848
1
1339
1
9622
1
9871
1
5041
1
4168
1
1199
1
4727
1
3848
1
4686
1
5238
1
4157
1
9041
1
5786
1
8440
1
3529
1
5443
1
9994
1
5256
1
3305
1
8014
1
7155
1
6171
1
9968
1
2746
1
258
1
3822
1
6225
1
8701
1
3298
1
330
1
387
1
1127
1
2263
1
4486
1
3032
1
8392
1
8
1
3304
1
8819
1
9483
1
6813
1
2749
1
2397
1
5146
1
101
1
2129
1
8371
1
143
1
1910
1
2192
1
5106
1
6609
1
3007
1
2434
1
3984
1
2086
1
4832
1
8768
1
4988
1
7827
1
683
1
2572
1
9019
1
2560
1
3111
1
3531
1
5287
1
3407
1
4882
1
2300
1
5631
1
1248
1
1013
1
5315
1
3138
1
9184
1
2324
1
840
1
5020
1
2907
1
6542
1
9911
1
9747
1
9434
1
6371
1
790
1
2869
1
8949
1
4485
1
8042
1
6221
1
1729
1
1448
1
3361
1
3768
1
4160
1
7337
1
4727
1
6626
1
7120
1
63
1
4524
1
9487
1
3948
1
2490
1
6842
1
8102
1
9042
1
3120
1
1271
1
402
1
4013
1
1591
1
1341
1
865
1
4233
1
107
1
3492
1
9919
1
8173
1
7559
1
3736
1
8090
1
9882
1
8074
1
7063
1
2139
1
4521
1
9568
1
7518
1
2244
1
1114
1
5075
1
5067
1
996
1
2101
1
334
1
3911
1
6078
1
4000
1
9364
1
8034
1
6305
1
5789
1
147
1
3855
1
8704
1
6836
1
8027
1
8794
1
9051
1
4084
1
4902
1
6720
1
8055
1
5381
1
7580
1
1734
1
5363
1
9012
1
7803
1
7732
1
860
1
8604
1
9678
1
4852
1
2549
1
8335
1
1448
1
4605
1
2145
1
2035
1
6994
1
3563
1
9822
1
8631
1
928
1
8521
1
7390
1
8174
1
873
1
7923
1
9038
1
1885
1
3979
1
3163
1
8676
1
5069
1
6006
1
3405
1
9657
1
1262
1
3796
1
652
1
6130
1
8519
1
787
1
4889
1
8214
1
5417
1
1386
1
2967
1
4607
1
9824
1
5757
1
148
1
1270
1
2017
1
6740
1
2855
1
1209
1
2174
1
8984
1
5677
1
1917
1
6545
1
3374
1
947
1
9442
1
9858
1
6711
1
6280
1
7544
1
8065
1
9815
1
1621
1
6884
1
4494
1
273
1
798
1
5177
1
4249
1
7268
1
4245
1
7469
1
1871
1
3556
1
692
1
9250
1
5893
1
8724
1
7243
1
4199
1
4309
1
1521
1
9968
1
7106
1
6734
1
9969
1
1284
1
1375
1
9032
1
720
1
2653
1
3823
1
1805
1
4562
1
7456
1
7029
1
6100
1
3582
1
5051
1
6097
1
550
1
2129
1
9223
1
8774
1
6279
1
2615
1
2443
1
4394
1
8064
1
7786
1
5046
1
6707
1
5119
1
8831
1
3944
1
8918
1
8266
1
9531
1
5194
1
7415
1
8603
1
8485
1
5583
1
7062
1
1533
1
4114
1
7792
1
9496
1
908
1
2200
1
3496
1
5251
1
2405
1
2930
1
3952
1
4818
1
7967
1
208
1
9084
1
247
1
7189
1
9934
1
9761
1
2240
1
8844
1
6573
1
4074
1
4724
1
550
1
8068
1
1142
1
8759
1
5789
1
9721
1
8979
1
8514
1
639
1
9146
1
7560
1
5987
1
895
1
3620
1
8139
1
4423
1
7529
1
2569
1
6424
1
7854
1
2706
1
1003
1
5229
1
1787
1
6535
1
8213
1
5560
1
3195
1
6036
1
7910
1
6030
1
9272
1
7647
1
5653
1
6128
1
2569
1
3617
1
8068
1
2037
1
6751
1
2259
1
2400
1
5987
1
4755
1
6415
1
224
1
52
1
9860
1
389
1
1212
1
5206
1
8819
1
4797
1
6728
1
3514
1
1811
1
6683
1
1729
1
4766
1
3601
1
5285
1
4921
1
9175
1
9253
1
8401
1
7890
1
9279
1
6496
1
58
1
4138
1
1612
1
8961
1
3714
1
424
1
627
1
8274
1
6542
1
8618
1
4285
1
1301
1
1416
1
5334
1
512
1
69
1
1723
1
3349
1
7517
1
7209
1
57
1
3770
1
5553
1
4760
1
2892
1
6799
1
3111
1
317
1
5431
1
7414
1
9923
1
3385
1
9685
1
6713
1
3405
1
4681
1
8768
1
7184
1
2285
1
5368
1
262
1
1584
1
1605
1
6658
1
1659
1
8993
1
7333
1
7948
1
2222
1
7577
1
3111
1
9779
1
6426
1
688
1
5180
1
2737
1
9850
1
803
1
6494
1
1815
1
1574
1
1706
1
4882
1
5789
1
9986
1
449
1
4020
1
3509
1
8855
1
3143
1
5994
1
9907
1
6828
1
8825
1
8454
1
9554
1
1881
1
897
1
6938
1
2358
1
4119
1
431
1
3332
1
1832
1
9157
1
9928
1
5877
1
6340
1
3886
1
8914
1
7136
1
5115
1
9054
1
3409
1
6792
1
1274
1
8390
1
7335
1
4503
1
9968
1
7020
1
4746
1
8870
1
28
1
3415
1
5569
1
6068
1
9182
1
888
1
698
1
403
1
2573
1
1808
1
2050
1
2540
1
1984
1
2377
1
6059
1
9935
1
6638
1
9546
1
1124
1
4640
1
9157
1
5487
1
659
1
4386
1
100
1
1082
1
1347
1
8789
1
9669
1
2786
1
5210
1
3428
1
9743
1
3067
1
866
1
1571
1
89
1
5557
1
7554
1
538
1
5885
1
9138
1
2277
1
5926
1
637
1
2996
1
4046
1
6025
1
8208
1
3968
1
9649
1
5759
1
4575
1
4194
1
4270
1
785
1
27
1
6075
1
8844
1
4616
1
3445
1
5877
1
826
1
1227
1
689
1
9725
1
9200
1
9301
1
2131
1
7574
1
2069
1
6953
1
3844
1
2957
1
635
1
2577
1
185
1
5015
1
9953
1
4795
1
5795
1
473
1
5311
1
4119
1
2836
1
9545
1
8629
1
7230
1
6713
1
2245
1
9002
1
1156
1
6579
1
2278
1
1832
1
609
1
9534
1
9914
1
7734
1
7787
1
2279
1
4809
1
8072
1
6237
1
8447
1
435
1
3082
1
585
1
1785
1
5066
1
1023
1
2719
1
7705
1
8001
1
9995
1
7169
1
4020
1
4239
1
5325
1
1070
1
6389
1
5768
1
3713
1
5982
1
5147
1
3280
1
6094
1
7948
1
6580
1
844
1
9195
1
3858
1
7383
1
542
1
3370
1
5554
1
4766
1
1821
1
9409
1
3263
1
1292
1
5550
1
2740
1
5781
1
5987
1
7810
1
3869
1
9399
1
1273
1
8639
1
5624
1
5387
1
6674
1
8373
1
2637
1
4986
1
147
1
3054
1
313
1
4930
1
100
1
2942
1
6524
1
982
1
7400
1
6845
1
5025
1
5432
1
2147
1
1125
1
716
1
9342
1
3
1
5124
1
1496
1
6800
1
4488
1
3866
1
2357
1
8997
1
7341
1
580
1
3576
1
7709
1
8200
1
3340
1
1071
1
8208
1
1631
1
1971
1
5916
1
4902
1
2666
1
1750
1
8638
1
3068
1
1954
1
8109
1
9990
1
6733
1
2264
1
4041
1
388
1
8212
1
4465
1
1922
1
9310
1
8087
1
6263
1
4691
1
5945
1
6699
1
2926
1
6166
1
5087
1
215
1
2724
1
7046
1
9262
1
2077
1
7047
1
4678
1
1622
1
9132
1
8314
1
8738
1
4889
1
8077
1
3013
1
286
1
3917
1
3995
1
8972
1
490
1
4452
1
2283
1
1695
1
7608
1
8894
1
1485
1
7130
1
7789
1
4771
1
8774
1
8683
1
4815
1
6190
1
7003
1
8689
1
6566
1
5948
1
6475
1
4652
1
8052
1
6416
1
7884
1
7568
1
876
1
6864
1
7870
1
9534
1
1742
1
3296
1
6441
1
3003
1
2836
1
1522
1
3888
1
1262
1
7234
1
7311
1
7804
1
3184
1
4476
1
1276
1
6065
1
8867
1
3470
1
786
1
5025
1
5426
1
3538
1
5791
1
1883
1
8451
1
5192
1
9733
1
7674
1
6576
1
3688
1
5744
1
967
1
4344
1
3587
1
8841
1
7488
1
6124
1
5371
1
2592
1
3772
1
5120
1
7628
1
2594
1
5885
1
3232
1
8255
1
425
1
5141
1
8503
1
9118
1
4544
1
9967
1
9281
1
2145
1
1460
1
8702
1
4537
1
7006
1
8134
1
5112
1
2248
1
3752
1
4378
1
6223
1
2418
1
6397
1
7807
1
4236
1
2380
1
9927
1
8096
1
2000
1
3711
1
5541
1
7032
1
3095
1
2698
1
9915
1
4942
1
563
1
1990
1
3247
1
6576
1
7616
1
3548
1
7
1
534
1
3477
1
9570
1
5175
1
6527
1
7566
1
1638
1
2778
1
4413
1
6689
1
3014
1
377
1
29
1
6500
1
6949
1
3514
1
1984
1
4466
1
9876
1
5159
1
9753
1
1150
1
3113
1
431
1
6107
1
8155
1
7775
1
8736
1
1529
1
5204
1
8214
1
8854
1
8986
1
8628
1
4304
1
9618
1
8428
1
8108
1
1700
1
3315
1
9900
1
16
1
318
1
7280
1
5928
1
8924
1
2035
1
5621
1
7841
1
4343
1
7339
1
2986
1
569
1
330
1
8831
1
2876
1
5226
1
9842
1
9208
1
9170
1
2480
1
1382
1
8540
1
5992
1
7663
1
3738
1
4068
1
4372
1
615
1
3640
1
3706
1
7414
1
1734
1
2531
1
1884
1
277
1
7007
1
3714
1
5931
1
7904
1
3202
1
1717
1
8919
1
9333
1
73
1
3506
1
9651
1
2585
1
1113
1
4483
1
9692
1
5353
1
3928
1
3907
1
4544
1
520
1
460
1
5791
1
1861
1
4422
1
7552
1
6602
1
5303
1
7234
1
8932
1
6171
1
5981
1
5424
1
8434
1
3624
1
4931
1
5587
1
8427
1
9645
1
8498
1
5452
1
5506
1
5503
1
3392
1
1881
1
4413
1
7446
1
1447
1
6245
1
8876
1
4965
1
3893
1
9500
1
1709
1
7680
1
5971
1
3803
1
7379
1
748
1
9582
1
1380
1
7372
1
6616
1
8433
1
9506
1
4647
1
8777
1
1060
1
3909
1
4917
1
4439
1
5275
1
5837
1
1873
1
8974
1
7704
1
4744
1
3320
1
3116
1
4474
1
1748
1
5582
1
1228
1
857
1
3760
1
106
1
646
1
4251
1
301
1
6420
1
6360
1
2219
1
8488
1
2178
1
5730
1
3997
1
439
1
3104
1
3401
1
2933
1
4477
1
8416
1
7733
1
7369
1
3344
1
682
1
9608
1
5982
1
4310
1
7092
1
2604
1
3710
1
9727
1
8010
1
9788
1
2800
1
7396
1
5529
1
5467
1
3649
1
7866
1
5530
1
3551
1
8548
1
7560
1
5550
1
4956
1
705
1
9682
1
4775
1
9684
1
6925
1
6557
1
520
1
8635
1
6722
1
4143
1
8266
1
3154
1
8865
1
7917
1
1679
1
3914
1
7169
1
4927
1
8416
1
5236
1
3785
1
95
1
4162
1
9462
1
7407
1
1947
1
4316
1
2652
1
3452
1
9616
1
5054
1
2788
1
8014
1
1364
1
8470
1
2603
1
9094
1
1918
1
577
1
5204
1
6498
1
6381
1
8822
1
6473
1
5859
1
7184
1
8050
1
9775
1
9699
1
2104
1
6645
1
7012
1
1246
1
1257
1
6947
1
7568
1
6521
1
1201
1
6783
1
18
1
2565
1
9189
1
1735
1
5627
1
8866
1
4500
1
5989
1
4887
1
8770
1
5698
1
1705
1
7551
1
6527
1
8541
1
2388
1
1740
1
5732
1
718
1
3924
1
3148
1
5858
1
1239
1
4586
1
2769
1
5990
1
674
1
1635
1
6198
1
6337
1
5756
1
5511
1
8465
1
3649
1
1147
1
6028
1
1082
1
9812
1
2191
1
5859
1
1056
1
6098
1
713
1
1974
1
2400
1
3018
1
2265
1
2815
1
6045
1
1985
1
2590
1
6577
1
3972
1
1238
1
78
1
2635
1
7268
1
4350
1
7489
1
8249
1
4406
1
1742
1
4829
1
2820
1
9236
1
9335
1
17
1
6840
1
8248
1
6106
1
3969
1
4166
1
8199
1
6348
1
4374
1
2422
1
8751
1
8143
1
8451
1
7804
1
7282
1
2580
1
7110
1
9979
1
9948
1
6923
1
1591
1
8807
1
3162
1
8043
1
2885
1
6498
1
6628
1
3630
1
9343
1
3331
1
9405
1
9432
1
4859
1
7716
1
8851
1
531
1
1846
1
6848
1
140
1
7538
1
3766
1
9009
1
2603
1
5055
1
8850
1
1809
1
7373
1
4834
1
8042
1
7640
1
8395
1
6924
1
2364
1
8141
1
9930
1
2785
1
2669
1
440
1
3172
1
5549
1
870
1
331
1
6933
1
3638
1
8215
1
1369
1
6329
1
4275
1
6486
1
5882
1
1749
1
9687
1
9571
1
7583
1
9344
1
7210
1
6421
1
3829
1
8539
1
9
1
3789
1
898
1
8703
1
3446
1
8581
1
5783
1
1254
1
3368
1
6039
1
9052
1
3313
1
6197
1
3657
1
6562
1
5649
1
1183
1
3297
1
1952
1
7639
1
5863
1
1224
1
5702
1
1057
1
602
1
6274
1
5416
1
5981
1
7350
1
7687
1
295
1
542
1
6481
1
4696
1
3591
1
7928
1
9220
1
5300
1
9654
1
6708
1
617
1
4521
1
2402
1
3888
1
9730
1
2035
1
2863
1
854
1
7632
1
5101
1
3377
1
3424
1
6254
1
6666
1
8890
1
9883
1
7349
1
9135
1
500
1
5854
1
9514
1
157
1
7683
1
6409
1
9760
1
185
1
9622
1
7599
1
4100
1
8138
1
1932
1
255
1
737
1
9091
1
4762
1
7989
1
7949
1
345
1
3495
1
183
1
1835
1
140
1
5074
1
1830
1
7741
1
3291
1
5631
1
1744
1
4059
1
3774
1
9449
1
9406
1
209
1
7107
1
9820
1
9752
1
158
1
5047
1
1394
1
1664
1
8925
1
6038
1
6603
1
7470
1
2511
1
6509
1
8751
1
6922
1
9578
1
220
1
9389
1
6167
1
5689
1
9207
1
9580
1
7601
1
9007
1
6644
1
5875
1
583
1
6840
1
7675
1
9796
1
597
1
5715
1
5601
1
84
1
5973
1
9912
1
8719
1
9563
1
5031
1
9662
1
6943
1
2132
1
58
1
8906
1
4761
1
8176
1
3037
1
3734
1
918
1
2765
1
7668
1
7829
1
1202
1
2549
1
1855
1
7791
1
3509
1
8785
1
3196
1
7132
1
2502
1
5522
1
1562
1
7427
1
4216
1
7596
1
4600
1
1680
1
5278
1
6585
1
2726
1
6765
1
9663
1
2437
1
2698
1
3104
1
9966
1
72
1
9893
1
7165
1
3465
1
2854
1
6873
1
4672
1
241
1
648
1
8314
1
5874
1
6606
1
4551
1
4686
1
8841
1
5239
1
8899
1
2615
1
7682
1
3210
1
8634
1
6392
1
6549
1
2403
1
601
1
3675
1
5827
1
1201
1
6480
1
2610
1
1517
1
4068
1
3208
1
6381
1
8603
1
8237
1
2997
1
1173
1
7156
1
1031
1
5083
1
5300
1
1939
1
648
1
2714
1
7273
1
20
1
9041
1
5349
1
6148
1
7248
1
6379
1
3020
1
5000
1
7628
1
9056
1
6519
1
9037
1
5442
1
984
1
4511
1
9691
1
4729
1
9188
1
473
1
5785
1
9490
1
1762
1
7628
1
3474
1
6550
1
3328
1
580
1
3103
1
557
1
1971
1
9008
1
2734
1
1209
1
5866
1
5859
1
6870
1
6622
1
748
1
8736
1
2970
1
293
1
2888
1
2801
1
7609
1
270
1
6092
1
4813
1
8931
1
7123
1
7946
1
6240
1
3485
1
4008
1
2388
1
6194
1
4618
1
6385
1
4161
1
4556
1
6532
1
2187
1
79
1
983
1
7786
1
9438
1
8559
1
8177
1
607
1
1632
1
726
1
2350
1
4322
1
1239
1
4888
1
8809
1
2459
1
8076
1
8282
1
6797
1
7735
1
3165
1
132
1
6929
1
1642
1
9959
1
9806
1
1364
1
2999
1
2417
1
3463
1
4965
1
947
1
567
1
1818
1
5280
1
7723
1
403
1
1807
1
8748
1
3200
1
5118
1
7332
1
9692
1
4364
1
4998
1
1529
1
8121
1
6637
1
6201
1
4204
1
2094
1
7617
1
789
1
325
1
332
1
5343
1
2286
1
9383
1
3429
1
6367
1
4465
1
8453
1
7159
1
7175
1
3740
1
4790
1
1978
1
2858
1
5565
1
3741
1
3263
1
2783
1
250
1
637
1
7635
1
3987
1
3680
1
7131
1
4893
1
5029
1
3289
1
8466
1
7888
1
7553
1
8008
1
4371
1
958
1
1083
1
5121
1
3157
1
2808
1
8321
1
4885
1
8041
1
1152
1
3336
1
5152
1
8533
1
1319
1
4004
1
9147
1
6332
1
2114
1
7431
1
4187
1
1914
1
5052
1
9406
1
5923
1
4250
1
359
1
2648
1
6059
1
7081
1
9307
1
7857
1
9223
1
6937
1
1106
1
7168
1
3873
1
383
1
5652
1
9281
1
9524
1
8786
1
3123
1
7844
1
2782
1
6330
1
694
1
3140
1
5577
1
6415
1
6081
1
821
1
74
1
5548
1
5613
1
7536
1
6434
1
3664
1
9653
1
9853
1
6952
1
3304
1
5819
1
5384
1
1171
1
3582
1
1990
1
7405
1
3953
1
1961
1
5924
1
7408
1
6490
1
1542
1
1482
1
9318
1
141
1
2525
1
9161
1
7582
1
5117
1
4614
1
1145
1
7394
1
8958
1
4602
1
8383
1
6333
1
3178
1
3436
1
4828
1
6187
1
6489
1
3575
1
6722
1
6675
1
1905
1
1634
1
4142
1
5288
1
765
1
9735
1
6614
1
8911
1
245
1
4880
1
2080
1
1073
1
4422
1
4223
1
7409
1
1541
1
4566
1
5225
1
2275
1
7655
1
6048
1
938
1
2976
1
2590
1
8835
1
177
1
8860
1
2977
1
9963
1
6223
1
4338
1
1107
1
134
1
4271
1
5857
1
7735
1
8091
1
6185
1
7475
1
6389
1
8943
1
6958
1
4209
1
7480
1
6641
1
6237
1
189
1
3166
1
9691
1
8993
1
7574
1
3525
1
3446
1
7685
1
1776
1
9012
1
3051
1
9848
1
7869
1
8514
1
2314
1
5955
1
7681
1
2877
1
7034
1
6310
1
7452
1
419
1
6053
1
5857
1
2596
1
2630
1
6778
1
3865
1
6914
1
3513
1
5174
1
9413
1
4757
1
3842
1
7411
1
9855
1
3973
1
2899
1
3001
1
8328
1
9646
1
290
1
1930
1
2395
1
6256
1
7980
1
9183
1
548
1
7456
1
9055
1
4815
1
9528
1
8456
1
5646
1
4443
1
7446
1
6217
1
9915
1
5132
1
2461
1
9706
1
746
1
7835
1
3474
1
4514
1
8840
1
3078
1
225
1
4504
1
7941
1
4787
1
7302
1
7300
1
7197
1
6352
1
7989
1
9773
1
5652
1
3779
1
8021
1
236
1
7832
1
7122
1
31
1
6500
1
7321
1
655
1
3458
1
7822
1
2756
1
9335
1
2171
1
3389
1
2624
1
6255
1
2931
1
898
1
4498
1
5599
1
3239
1
1912
1
7077
1
1082
1
6622
1
1079
1
6263
1
656
1
6897
1
3954
1
2623
1
5072
1
6385
1
552
1
8073
1
8056
1
3201
1
9043
1
192
1
7271
1
160
1
9595
1
8716
1
139
1
7351
1
5508
1
8005
1
5353
1
1489
1
3017
1
9880
1
2351
1
7513
1
6318
1
8815
1
1828
1
4543
1
5914
1
5444
1
6742
1
9160
1
4153
1
5830
1
2387
1
7323
1
7866
1
7743
1
1070
1
9074
1
7669
1
9034
1
1020
1
8634
1
6994
1
1120
1
274
1
3092
1
8802
1
6010
1
6165
1
5469
1
2389
1
2912
1
7911
1
5844
1
5521
1
1590
1
4451
1
145
1
7532
1
553
1
7634
1
1829
1
3434
1
3892
1
628
1
6544
1
5878
1
5934
1
2544
1
8374
1
4001
1
1572
1
7544
1
7235
1
4971
1
7896
1
3097
1
3471
1
7008
1
2100
1
8727
1
4244
1
7883
1
8522
1
6680
1
4883
1
2010
1
6086
1
5222
1
7405
1
8179
1
673
1
2748
1
5702
1
4935
1
7985
1
2339
1
9045
1
8738
1
437
1
7238
1
9892
1
1275
1
3583
1
5650
1
1047
1
8354
1
1599
1
6634
1
9652
1
1550
1
6044
1
5730
1
5437
1
6446
1
3158
1
1693
1
1192
1
9502
1
2716
1
8417
1
2248
1
7426
1
3843
1
4214
1
9154
1
6364
1
431
1
5093
1
5885
1
533
1
3423
1
3774
1
8169
1
1753
1
3028
1
721
1
3638
1
4049
1
1295
1
500
1
442
1
7520
1
3788
1
7936
1
2493
1
2993
1
7069
1
1367
1
1395
1
3669
1
4344
1
8949
1
9460
1
2396
1
3914
1
2273
1
3057
1
2393
1
6026
1
6963
1
4870
1
4650
1
5236
1
2658
1
4317
1
558
1
6695
1
4600
1
608
1
6024
1
7893
1
9727
1
1403
1
9203
1
293
1
3832
1
8129
1
2427
1
2675
1
1370
1
1468
1
2415
1
6626
1
7829
1
1445
1
5095
1
2681
1
621
1
27
1
2216
1
4170
1
1619
1
5848
1
9675
1
8133
1
7486
1
5696
1
1563
1
8729
1
1840
1
4677
1
5980
1
4158
1
9077
1
358
1
934
1
3862
1
3608
1
828
1
6937
1
2975
1
9793
1
1698
1
9187
1
1800
1
6693
1
8032
1
4620
1
7155
1
4076
1
9840
1
6635
1
6757
1
7200
1
5007
1
6010
1
4292
1
1490
1
1826
1
5569
1
9467
1
5618
1
2623
1
246
1
4772
1
347
1
8546
1
8081
1
9282
1
2261
1
9795
1
3028
1
1307
1
8077
1
4258
1
572
1
2324
1
3263
1
7902
1
3959
1
2661
1
6538
1
1815
1
900
1
149
1
2763
1
2137
1
8714
1
6217
1
1337
1
205
1
8008
1
3898
1
8711
1
3478
1
5205
1
4950
1
1924
1
4605
1
1406
1
900
1
3252
1
3406
1
3349
1
6450
1
4539
1
9913
1
9749
1
6235
1
994
1
1343
1
1886
1
637
1
4141
1
4693
1
1567
1
8461
1
1417
1
7619
1
4137
1
1544
1
137
1
5259
1
4544
1
7872
1
4193
1
9195
1
3919
1
5398
1
2932
1
4062
1
9290
1
882
1
6182
1
6500
1
3703
1
9164
1
8314
1
9598
1
446
1
7328
1
675
1
8898
1
6531
1
9099
1
6918
1
6194
1
1338
1
2072
1
2943
1
2465
1
1294
1
9881
1
9259
1
7550
1
4381
1
9179
1
8611
1
1652
1
9668
1
368
1
3970
1
9487
1
6916
1
1908
1
9046
1
2891
1
3145
1
9980
1
3551
1
1106
1
7730
1
1470
1
9761
1
540
1
5319
1
9459
1
7214
1
4745
1
8445
1
4683
1
1743
1
6071
1
8302
1
4159
1
9889
1
8612
1
2926
1
5392
1
2405
1
5184
1
8813
1
2604
1
47
1
3341
1
8098
1
8560
1
2303
1
1317
1
7948
1
371
1
9575
1
9172
1
8184
1
1822
1
4050
1
2891
1
2252
1
6811
1
8090
1
1005
1
9337
1
5773
1
6098
1
51
1
5585
1
5880
1
3695
1
2204
1
8344
1
9346
1
422
1
8023
1
6593
1
9946
1
7736
1
9198
1
7763
1
4875
1
6303
1
6698
1
4736
1
1998
1
31
1
8727
1
4668
1
4681
1
6731
1
9597
1
2479
1
3311
1
9892
1
1808
1
9827
1
3558
1
4635
1
7794
1
8666
1
9243
1
5226
1
8510
1
5362
1
1390
1
1095
1
4852
1
5382
1
9823
1
3977
1
7452
1
6901
1
5747
1
5872
1
4545
1
1377
1
2535
1
7953
1
693
1
4927
1
1050
1
8863
1
5509
1
763
1
8889
1
7894
1
2069
1
9761
1
3312
1
1838
1
9039
1
9336
1
1768
1
3073
1
5
1
8247
1
1554
1
6137
1
3147
1
8821
1
89
1
6231
1
5066
1
3079
1
8857
1
3373
1
2032
1
2838
1
8364
1
985
1
6731
1
8369
1
3280
1
3394
1
8283
1
2651
1
6613
1
601
1
7565
1
4516
1
917
1
9899
1
971
1
344
1
3207
1
2395
1
7794
1
9003
1
7971
1
2737
1
3962
1
2914
1
643
1
2425
1
1380
1
1276
1
7138
1
3706
1
4784
1
9442
1
4384
1
8507
1
511
1
6910
1
5050
1
6727
1
6875
1
3109
1
173
1
354
1
1945
1
2836
1
6631
1
3149
1
4531
1
4866
1
8052
1
5114
1
2820
1
6578
1
7662
1
6512
1
8630
1
5647
1
4927
1
5343
1
1093
1
2951
1
7312
1
3382
1
3769
1
131
1
2979
1
3613
1
587
1
3573
1
94
1
7712
1
5441
1
7109
1
9331
1
9863
1
5271
1
4696
1
1754
1
5839
1
4115
1
1112
1
6588
1
884
1
6734
1
3623
1
9360
1
4978
1
9007
1
1761
1
2500
1
1108
1
2070
1
900
1
6096
1
7148
1
4915
1
4070
1
3889
1
9011
1
971
1
6402
1
838
1
8923
1
6043
1
4611
1
5242
1
5136
1
6810
1
6010
1
6985
1
9286
1
4739
1
885
1
5216
1
2768
1
24
1
7464
1
8864
1
4444
1
4872
1
582
1
4734
1
1685
1
704
1
7293
1
3528
1
8644
1
5145
1
47
1
2746
1
2966
1
697
1
4033
1
183
1
6258
1
4090
1
3425
1
142
1
2190
1
9258
1
2328
1
717
1
3244
1
7124
1
5938
1
7307
1
9563
1
331
1
6067
1
3310
1
1041
1
1893
1
8680
1
5146
1
4494
1
5818
1
1311
1
2524
1
8276
1
2517
1
6821
1
2282
1
1977
1
6672
1
4776
1
4427
1
2260
1
7470
1
1485
1
6490
1
7377
1
1070
1
4146
1
2606
1
7702
1
636
1
6338
1
2991
1
6555
1
1038
1
6500
1
8785
1
7654
1
9506
1
5072
1
2579
1
5096
1
1568
1
5503
1
3647
1
6978
1
9901
1
386
1
919
1
7621
1
6795
1
19
1
8947
1
9109
1
7245
1
5557
1
9409
1
5538
1
3728
1
4247
1
3634
1
416
1
2203
1
5957
1
9723
1
9832
1
6382
1
5272
1
6483
1
6204
1
7631
1
7792
1
4887
1
8982
1
1769
1
1821
1
4452
1
6000
1
6569
1
9158
1
7374
1
3797
1
1886
1
7672
1
5061
1
1822
1
8900
1
1974
1
1388
1
3503
1
6539
1
126
1
6093
1
1408
1
8662
1
8576
1
8214
1
8027
1
5321
1
3188
1
1027
1
8228
1
6475
1
2430
1
9636
1
5848
1
8351
1
5141
1
7621
1
8819
1
4286
1
3849
1
9905
1
4921
1
7581
1
4033
1
9571
1
5354
1
9193
1
4571
1
8627
1
4751
1
8079
1
5035
1
8765
1
8350
1
3374
1
1719
1
3457
1
7390
1
7158
1
8577
1
392
1
407
1
7705
1
374
1
9893
1
9357
1
728
1
2049
1
4548
1
7677
1
1829
1
2011
1
19
1
9726
1
7508
1
356
1
5390
1
6686
1
9156
1
7317
1
8970
1
2090
1
1881
1
3105
1
214
1
3180
1
5289
1
8857
1
7110
1
3300
1
7642
1
7412
1
4915
1
5122
1
6392
1
5002
1
793
1
7657
1
20
1
6236
1
2851
1
1571
1
4016
1
9700
1
3234
1
3579
1
6015
1
3921
1
6852
1
8058
1
3727
1
2171
1
2371
1
9853
1
7063
1
9696
1
2239
1
8439
1
4852
1
9160
1
2838
1
5221
1
5945
1
9488
1
9320
1
4699
1
7629
1
1122
1
3051
1
2946
1
9660
1
6402
1
1267
1
632
1
4605
1
9648
1
5806
1
5649
1
1556
1
8052
1
4777
1
5651
1
2991
1
3646
1
8905
1
3824
1
6920
1
1596
1
5212
1
2661
1
8929
1
9981
1
9556
1
1538
1
52
1
9937
1
6176
1
9365
1
8856
1
1585
1
9847
1
7786
1
1064
1
3061
1
3778
1
9519
1
1769
1
7715
1
1712
1
598
1
3322
1
3384
1
8149
1
6548
1
6603
1
7630
1
2340
1
7346
1
2892
1
258
1
7181
1
1061
1
5893
1
4909
1
7546
1
9869
1
6255
1
9124
1
29
1
1924
1
8491
1
3810
1
2413
1
6121
1
8285
1
6086
1
6508
1
1138
1
2533
1
8906
1
5694
1
9452
1
2905
1
8761
1
3172
1
7923
1
7625
1
8632
1
9739
1
2111
1
1871
1
1276
1
8477
1
9731
1
5378
1
8388
1
7886
1
2946
1
4079
1
4038
1
8327
1
2152
1
656
1
3019
1
7088
1
8955
1
2612
1
3980
1
5830
1
8681
1
9903
1
1855
1
4760
1
3098
1
5012
1
7685
1
3302
1
4611
1
3459
1
6591
1
4865
1
729
1
8160
1
1278
1
3457
1
519
1
3082
1
3665
1
8600
1
789
1
8877
1
2811
1
9041
1
3361
1
5337
1
1143
1
4064
1
2028
1
651
1
9379
1
9489
1
5901
1
4306
1
8970
1
2014
1
5361
1
8782
1
1202
1
9719
1
7119
1
8108
1
1812
1
1911
1
8344
1
5285
1
3033
1
5962
1
5663
1
7159
1
9964
1
3886
1
9051
1
1114
1
275
1
8538
1
5828
1
5030
1
1546
1
4795
1
3066
1
3363
1
108
1
3149
1
1400
1
8380
1
9354
1
2432
1
5441
1
787
1
5087
1
226
1
1691
1
9795
1
6694
1
805
1
9583
1
4320
1
7360
1
1333
1
8035
1
304
1
2229
1
4149
1
1351
1
2479
1
6251
1
5669
1
4246
1
9490
1
3445
1
5072
1
7178
1
5431
1
6428
1
6592
1
903
1
9771
1
7540
1
589
1
5144
1
9962
1
865
1
2677
1
719
1
3793
1
7254
1
4202
1
5689
1
7636
1
8348
1
2293
1
5718
1
1975
1
6722
1
5215
1
5060
1
7834
1
5055
1
1198
1
174
1
5036
1
8832
1
1593
1
3121
1
5675
1
5867
1
5466
1
8418
1
8610
1
2660
1
8845
1
7866
1
4546
1
9692
1
6001
1
5247
1
2920
1
7057
1
5869
1
8297
1
4769
1
8787
1
3562
1
4860
1
7094
1
845
1
6483
1
8545
1
5350
1
2358
1
8324
1
3063
1
8232
1
1484
1
8866
1
7431
1
7444
1
1464
1
3776
1
5628
1
4755
1
1021
1
5395
1
3138
1
3551
1
3207
1
5329
1
543
1
3959
1
897
1
3192
1
8299
1
9974
1
4564
1
2432
1
3196
1
8122
1
2405
1
3649
1
9475
1
3435
1
1674
1
4866
1
6075
1
7730
1
4860
1
8937
1
1479
1
9845
1
3547
1
7205
1
8314
1
8799
1
654
1
7240
1
4359
1
4703
1
8355
1
5430
1
8516
1
8739
1
2424
1
6515
1
3837
1
7000
1
502
1
2380
1
7934
1
9405
1
2395
1
8343
1
5948
1
6872
1
3194
1
1998
1
1317
1
669
1
6353
1
9131
1
8975
1
5709
1
7837
1
6235
1
9914
1
7083
1
8206
1
1996
1
9847
1
712
1
9678
1
1066
1
5931
1
5385
1
1945
1
5845
1
6753
1
5438
1
2884
1
2815
1
5466
1
6209
1
9301
1
533
1
8103
1
8996
1
4174
1
4439
1
6466
1
5922
1
4574
1
7371
1
7069
1
7323
1
2990
1
64
1
4243
1
1031
1
6166
1
7231
1
7894
1
5897
1
2986
1
6939
1
2906
1
7707
1
693
1
3757
1
541
1
2863
1
6382
1
8574
1
4541
1
7383
1
6852
1
2556
1
3432
1
3269
1
3558
1
9817
1
481
1
9287
1
6065
1
3447
1
3069
1
3633
1
6992
1
612
1
260
1
799
1
9628
1
5253
1
570
1
5087
1
68
1
4816
1
438
1
3101
1
4085
1
4333
1
1247
1
2738
1
2720
1
7755
1
9446
1
8763
1
5054
1
3934
1
6264
1
9717
1
8332
1
9882
1
917
1
4850
1
8446
1
4371
1
1096
1
6640
1
474
1
6029
1
2554
1
3554
1
7772
1
3269
1
3088
1
5273
1
5505
1
1932
1
3051
1
6254
1
2354
1
9663
1
1690
1
1633
1
8891
1
5513
1
4903
1
2323
1
6923
1
7313
1
5065
1
3320
1
1375
1
6298
1
7438
1
4250
1
6753
1
4478
1
973
1
3727
1
2346
1
4906
1
3811
1
2681
1
5474
1
8809
1
5619
1
6563
1
6280
1
2360
1
1549
1
3026
1
5514
1
1967
1
6359
1
5668
1
3432
1
940
1
9855
1
9052
1
4939
1
5729
1
3473
1
7122
1
801
1
1231
1
8005
1
61
1
7125
1
5555
1
430
1
3126
1
5900
1
2549
1
1543
1
5965
1
9284
1
7815
1
8133
1
4773
1
6818
1
3289
1
1544
1
4219
1
756
1
8881
1
7781
1
4326
1
7777
1
8286
1
9238
1
671
1
5758
1
389
1
2380
1
5462
1
5862
1
4444
1
1491
1
1487
1
6314
1
1838
1
4977
1
3629
1
8656
1
7609
1
6001
1
2438
1
144
1
5216
1
1733
1
6617
1
8494
1
9147
1
6857
1
2081
1
8079
1
6128
1
7715
1
1172
1
7239
1
6614
1
9560
1
3556
1
1289
1
7467
1
1365
1
8514
1
5750
1
5288
1
2929
1
1913
1
9365
1
7563
1
8207
1
6382
1
844
1
1251
1
3763
1
8874
1
4018
1
7003
1
7436
1
5663
1
9785
1
4183
1
8278
1
4898
1
9434
1
5072
1
2062
1
6197
1
1967
1
4676
1
4806
1
2859
1
3749
1
4355
1
6892
1
2569
1
9926
1
8125
1
7209
1
6670
1
5382
1
8794
1
192
1
3100
1
6392
1
4667
1
1607
1
9458
1
1112
1
6165
1
7892
1
4506
1
9252
1
5435
1
5198
1
7374
1
1575
1
9831
1
7049
1
4474
1
6534
1
3020
1
2464
1
1856
1
9792
1
8357
1
9989
1
1562
1
399
1
3615
1
6953
1
8264
1
1647
1
5033
1
6174
1
354
1
1119
1
3804
1
9704
1
7767
1
1241
1
6138
1
9536
1
6701
1
7908
1
1236
1
4673
1
7032
1
8136
1
5956
1
9393
1
6076
1
1096
1
9941
1
3813
1
3560
1
1208
1
5767
1
2955
1
955
1
470
1
8935
1
5882
1
5795
1
3483
1
4738
1
6611
1
4656
1
620
1
5819
1
6893
1
8071
1
7666
1
2951
1
2109
1
43
1
2536
1
3414
1
3361
1
9670
1
7848
1
3096
1
558
1
5646
1
4552
1
5815
1
6335
1
7985
1
5568
1
1217
1
2363
1
15
1
7999
1
6112
1
5169
1
1723
1
3440
1
2197
1
9294
1
5164
1
5320
1
9338
1
8712
1
9601
1
5228
1
9073
1
2893
1
4147
1
2888
1
8578
1
1639
1
4512
1
7953
1
9279
1
7718
1
6604
1
4236
1
527
1
8131
1
6242
1
9394
1
7708
1
711
1
9687
1
3422
1
2704
1
980
1
6840
1
1763
1
5105
1
1344
1
4324
1
8381
1
1185
1
4943
1
7742
1
5172
1
4200
1
6443
1
3501
1
6116
1
830
1
7830
1
8695
1
2184
1
722
1
9722
1
3416
1
5151
1
2222
1
862
1
8675
1
5738
1
9209
1
3416
1
1573
1
2298
1
3865
1
511
1
1422
1
1694
1
9582
1
5036
1
299
1
9415
1
2789
1
9899
1
6850
1
3151
1
9941
1
5649
1
1746
1
5713
1
5513
1
3382
1
2748
1
409
1
9455
1
6428
1
6629
1
8995
1
6971
1
4266
1
9050
1
2709
1
6392
1
5664
1
7809
1
3560
1
1405
1
381
1
4761
1
6208
1
162
1
5598
1
111
1
6791
1
2095
1
321
1
6563
1
9194
1
9302
1
6040
1
7235
1
2381
1
5841
1
1070
1
9151
1
7797
1
1251
1
440
1
7718
1
9282
1
156
1
1765
1
9038
1
9371
1
2989
1
5656
1
1805
1
58
1
81
1
9930
1
3093
1
5584
1
2501
1
3329
1
9992
1
4160
1
3350
1
9606
1
8912
1
9613
1
9441
1
5749
1
4116
1
5443
1
3608
1
2848
1
1634
1
6100
1
369
1
1494
1
980
1
3836
1
1425
1
9646
1
5034
1
4820
1
1654
1
1996
1
6824
1
1477
1
8734
1
2108
1
8435
1
2927
1
9107
1
116
1
5992
1
2558
1
9728
1
4286
1
6710
1
2148
1
3629
1
5912
1
9030
1
7702
1
7439
1
7410
1
6612
1
8051
1
809
1
3315
1
6294
1
6349
1
3445
1
1464
1
1227
1
620
1
6539
1
2968
1
1761
1
3865
1
5595
1
3816
1
5968
1
3809
1
7338
1
6271
1
9176
1
3083
1
8381
1
694
1
8891
1
7235
1
1675
1
7533
1
9662
1
8214
1
3282
1
4435
1
7561
1
4487
1
2189
1
3978
1
8333
1
9953
1
7801
1
1378
1
4425
1
1704
1
7743
1
254
1
21
1
1934
1
8563
1
6740
1
7861
1
1735
1
3484
1
7660
1
5950
1
2573
1
4182
1
4265
1
5531
1
6427
1
9311
1
1255
1
986
1
9255
1
4838
1
3544
1
4197
1
1128
1
2961
1
6123
1
4898
1
1488
1
9692
1
8687
1
1266
1
2579
1
711
1
7123
1
4270
1
2482
1
1659
1
5850
1
5545
1
8821
1
6087
1
1801
1
3812
1
1120
1
2016
1
2590
1
5388
1
3388
1
4784
1
3231
1
8339
1
8601
1
5187
1
1074
1
236
1
1741
1
8455
1
8736
1
7296
1
8856
1
2070
1
5568
1
526
1
375
1
6431
1
3870
1
3732
1
1303
1
7531
1
8576
1
4873
1
415
1
4129
1
7755
1
7902
1
4953
1
6912
1
4342
1
3975
1
8405
1
6257
1
1649
1
1603
1
7907
1
592
1
7432
1
2538
1
6794
1
5875
1
6478
1
8494
1
7726
1
5597
1
6806
1
7356
1
4565
1
1643
1
4240
1
1797
1
1350
1
173
1
9255
1
3419
1
7571
1
2534
1
9126
1
9421
1
9361
1
5999
1
8427
1
3722
1
7491
1
1290
1
3158
1
1866
1
5129
1
4507
1
4376
1
8937
1
933
1
4251
1
2225
1
7763
1
3353
1
5409
1
6208
1
1868
1
4814
1
7565
1
9992
1
7549
1
814
1
4606
1
5118
1
142
1
8126
1
8957
1
2220
1
7641
1
6762
1
9692
1
923
1
36
1
4535
1
8582
1
3249
1
9139
1
7445
1
5509
1
2046
1
1283
1
3161
1
6247
1
7257
1
2395
1
9759
1
5418
1
8448
1
1567
1
912
1
68
1
3381
1
169
1
7683
1
8330
1
1400
1
334
1
8002
1
5949
1
7367
1
3959
1
3513
1
8784
1
5189
1
8921
1
5998
1
5106
1
1773
1
9952
1
5023
1
347
1
6571
1
6883
1
8880
1
6344
1
8558
1
5739
1
3743
1
5301
1
8312
1
8938
1
3232
1
9706
1
5172
1
3674
1
5408
1
6260
1
7831
1
2768
1
4131
1
1726
1
2077
1
9920
1
7001
1
9415
1
5610
1
8923
1
4705
1
7360
1
6708
1
1937
1
6371
1
8768
1
684
1
2486
1
7320
1
4803
1
8658
1
6102
1
8254
1
3460
1
4931
1
872
1
5645
1
384
1
2246
1
2410
1
1729
1
5499
1
5680
1
8362
1
8210
1
7242
1
2653
1
3335
1
5837
1
6609
1
3141
1
360
1
8133
1
8904
1
9222
1
2750
1
6479
1
4394
1
9487
1
6500
1
1086
1
9800
1
6105
1
1727
1
6117
1
4953
1
9266
1
9699
1
9920
1
9841
1
7507
1
4271
1
2885
1
8709
1
5374
1
9734
1
3144
1
9484
1
4922
1
4868
1
1861
1
2642
1
919
1
2079
1
5360
1
8353
1
3111
1
9917
1
2964
1
4540
1
6379
1
4011
1
1311
1
6890
1
3902
1
3659
1
4804
1
6409
1
125
1
9406
1
5901
1
5393
1
5871
1
1806
1
2069
1
127
1
8278
1
5883
1
3741
1
2149
1
864
1
9046
1
8500
1
5245
1
4052
1
6374
1
8727
1
2670
1
8484
1
6172
1
1494
1
1945
1
2364
1
9249
1
821
1
66
1
4893
1
9956
1
782
1
6125
1
1562
1
8315
1
8819
1
2623
1
8687
1
6854
1
9040
1
7747
1
9682
1
4768
1
7018
1
7409
1
4687
1
6232
1
2572
1
9298
1
666
1
7139
1
8246
1
957
1
3511
1
3245
1
5587
1
4011
1
6217
1
1910
1
9472
1
9517
1
2256
1
1625
1
6531
1
1458
1
7412
1
9205
1
8847
1
5302
1
2296
1
1207
1
4982
1
3804
1
1826
1
481
1
6921
1
3143
1
3098
1
3020
1
787
1
9362
1
9599
1
3757
1
161
1
9376
1
4880
1
5638
1
334
1
1960
1
934
1
9010
1
3838
1
1140
1
6470
1
436
1
2180
1
399
1
3070
1
5933
1
2043
1
7685
1
7722
1
7590
1
7639
1
1760
1
570
1
2722
1
3100
1
4132
1
5720
1
7463
1
9790
1
7058
1
2354
1
8649
1
5823
1
4574
1
478
1
8263
1
715
1
8912
1
2040
1
2574
1
8402
1
1967
1
2190
1
4942
1
2865
1
578
1
6557
1
8611
1
5348
1
9065
1
7643
1
9886
1
4831
1
3867
1
8909
1
7504
1
2788
1
9924
1
4742
1
5306
1
2814
1
3336
1
5575
1
5044
1
8169
1
423
1
5288
1
5955
1
2395
1
2445
1
9006
1
4723
1
2271
1
1571
1
1484
1
2821
1
3520
1
9183
1
8084
1
9454
1
929
1
8596
1
7080
1
7844
1
8569
1
4653
1
7156
1
2207
1
9655
1
8082
1
4868
1
1165
1
8666
1
1540
1
2718
1
1985
1
7204
1
2030
1
7744
1
6603
1
5090
1
48
1
9430
1
5790
1
9325
1
4855
1
9986
1
5499
1
8479
1
1359
1
8825
1
88
1
3945
1
2739
1
8893
1
9084
1
7573
1
9996
1
1844
1
6584
1
6286
1
3222
1
8207
1
448
1
269
1
3582
1
4285
1
9550
1
5244
1
8858
1
4797
1
2029
1
2096
1
4869
1
5463
1
5934
1
1959
1
2282
1
4595
1
1120
1
1247
1
5914
1
3933
1
72
1
3482
1
4882
1
6044
1
9538
1
6115
1
4471
1
2623
1
4203
1
3859
1
5837
1
7638
1
880
1
3922
1
5488
1
5000
1
9048
1
308
1
8950
1
1530
1
646
1
3301
1
3570
1
6411
1
9434
1
9523
1
5350
1
6512
1
6570
1
7436
1
5559
1
4344
1
8613
1
5681
1
5168
1
4209
1
6590
1
6233
1
4383
1
1260
1
2135
1
283
1
789
1
2714
1
9831
1
8957
1
2245
1
6139
1
1243
1
9487
1
3025
1
6095
1
9891
1
966
1
8897
1
4877
1
6180
1
1106
1
4678
1
5463
1
8628
1
3405
1
98
1
2331
1
2840
1
487
1
7977
1
9056
1
3303
1
78
1
9142
1
9467
1
9255
1
7577
1
4256
1
7619
1
5585
1
1914
1
1394
1
9086
1
2294
1
6600
1
4022
1
6717
1
836
1
9283
1
3150
1
5690
1
2683
1
5968
1
6904
1
6668
1
2283
1
6950
1
6782
1
2040
1
6789
1
9914
1
5592
1
9878
1
7658
1
1679
1
6714
1
5580
1
2910
1
8809
1
3698
1
1738
1
237
1
8505
1
5509
1
2537
1
3943
1
4334
1
8715
1
7220
1
5886
1
6454
1
5052
1
206
1
8745
1
8365
1
3307
1
8387
1
5937
1
1776
1
8419
1
1581
1
7606
1
2290
1
6589
1
6920
1
9351
1
4286
1
5969
1
8621
1
326
1
7967
1
8551
1
9036
1
6280
1
7227
1
1930
1
1239
1
1661
1
5122
1
5222
1
8601
1
6542
1
8983
1
2879
1
1933
1
4752
1
8592
1
423
1
7557
1
9286
1
8506
1
2310
1
8173
1
7708
1
7062
1
7420
1
4361
1
5631
1
510
1
5191
1
7166
1
8617
1
7967
1
8144
1
2386
1
9165
1
6154
1
1856
1
410
1
1475
1
9701
1
5372
1
342
1
7478
1
2045
1
2907
1
9731
1
4573
1
1096
1
1378
1
4467
1
5679
1
1761
1
6473
1
5725
1
3219
1
3363
1
6718
1
9161
1
703
1
3510
1
8575
1
5050
1
8385
1
3295
1
3287
1
4310
1
9682
1
8062
1
7055
1
9032
1
5491
1
4672
1
7869
1
2745
1
2510
1
9496
1
1528
1
8314
1
4446
1
9125
1
2003
1
1670
1
2767
1
3093
1
1476
1
5957
1
6726
1
259
1
7403
1
9219
1
5986
1
1430
1
1323
1
6422
1
6712
1
2323
1
8331
1
9366
1
8366
1
3209
1
4173
1
45
1
1893
1
8193
1
1515
1
3469
1
9111
1
6086
1
809
1
8271
1
863
1
9510
1
1549
1
233
1
9014
1
980
1
4639
1
4274
1
245
1
1332
1
9672
1
4729
1
6549
1
720
1
8661
1
3835
1
3798
1
9175
1
5764
1
5716
1
8403
1
8174
1
1136
1
427
1
173
1
2429
1
7640
1
5090
1
6502
1
2458
1
9137
1
7269
1
5200
1
6023
1
5731
1
8726
1
2778
1
3984
1
366
1
8634
1
5165
1
4717
1
3000
1
3660
1
4163
1
2330
1
5716
1
4427
1
8815
1
7487
1
1094
1
8033
1
6909
1
9290
1
2755
1
78
1
8596
1
5203
1
1101
1
149
1
9407
1
2790
1
9969
1
1734
1
6881
1
6617
1
4286
1
4181
1
2111
1
936
1
4569
1
9785
1
7233
1
7096
1
4504
1
6715
1
742
1
1204
1
1547
1
8118
1
3688
1
8239
1
5394
1
1099
1
1674
1
13
1
9350
1
1041
1
7050
1
6468
1
1446
1
6309
1
4806
1
3302
1
3475
1
8513
1
1014
1
276
1
8207
1
4500
1
2285
1
9384
1
7333
1
903
1
6604
1
2116
1
5385
1
7633
1
9481
1
3696
1
6973
1
6196
1
7444
1
2598
1
3215
1
2360
1
5948
1
7063
1
4739
1
930
1
1650
1
445
1
4499
1
9958
1
3986
1
8277
1
9482
1
5207
1
5350
1
5583
1
1962
1
9092
1
1296
1
2273
1
2930
1
3236
1
1030
1
2742
1
8756
1
4147
1
249
1
2036
1
3504
1
9633
1
4344
1
9500
1
6693
1
2043
1
3100
1
7448
1
4276
1
4536
1
4761
1
5606
1
4222
1
7903
1
5749
1
717
1
444
1
4171
1
8160
1
3298
1
2670
1
390
1
8951
1
8027
1
1073
1
768
1
4532
1
2125
1
1536
1
1229
1
9837
1
1326
1
8151
1
1215
1
712
1
5236
1
7187
1
7147
1
7173
1
1605
1
9312
1
4327
1
9456
1
4697
1
2435
1
6525
1
9210
1
7658
1
1434
1
9131
1
4127
1
2516
1
6115
1
8861
1
6589
1
5131
1
8538
1
7791
1
8090
1
9014
1
470
1
7997
1
7741
1
5680
1
7478
1
9743
1
3351
1
4540
1
2609
1
436
1
3327
1
8549
1
7206
1
3123
1
2336
1
8309
1
7407
1
9094
1
737
1
7510
1
2819
1
91
1
612
1
4553
1
8964
1
6219
1
7422
1
6854
1
4558
1
4469
1
4105
1
1312
1
4358
1
1913
1
4095
1
7885
1
9729
1
9623
1
6438
1
7086
1
1576
1
7966
1
9154
1
4212
1
2813
1
3357
1
9919
1
5317
1
5555
1
3779
1
8301
1
1233
1
7840
1
5479
1
5680
1
1015
1
7546
1
390
1
9885
1
2454
1
7639
1
2018
1
6370
1
3887
1
4652
1
4417
1
6245
1
4052
1
5969
1
1223
1
3917
1
169
1
6777
1
9012
1
8534
1
3820
1
8296
1
3827
1
3900
1
3242
1
2284
1
1391
1
4316
1
1250
1
676
1
4714
1
4411
1
7571
1
9947
1
3312
1
7052
1
8176
1
5259
1
2772
1
1921
1
936
1
153
1
9575
1
6121
1
281
1
7200
1
7406
1
7094
1
2120
1
1891
1
1727
1
7505
1
7406
1
2980
1
3012
1
3436
1
7667
1
4618
1
2287
1
7895
1
8177
1
596
1
139
1
4746
1
4547
1
3003
1
6178
1
1316
1
4594
1
607
1
8288
1
9404
1
6234
1
3458
1
303
1
5252
1
7235
1
2554
1
868
1
7073
1
8496
1
7616
1
8132
1
5494
1
2037
1
6691
1
5311
1
7025
1
4081
1
6962
1
8074
1
6748
1
3644
1
1855
1
836
1
5501
1
323
1
3305
1
5468
1
7309
1
513
1
6293
1
8815
1
3405
1
6579
1
2750
1
6143
1
2858
1
9550
1
9349
1
1280
1
72
1
4466
1
2594
1
8805
1
93
1
9271
1
9950
1
4063
1
7340
1
3663
1
3362
1
6301
1
3829
1
9772
1
1996
1
9167
1
4196
1
4652
1
5450
1
3357
1
3705
1
4740
1
8219
1
5814
1
5511
1
4870
1
6601
1
4965
1
9571
1
5757
1
7807
1
3713
1
7333
1
9261
1
5356
1
3551
1
9829
1
3367
1
5934
1
7835
1
6898
1
3061
1
6432
1
7841
1
9550
1
4741
1
3923
1
2647
1
8060
1
2512
1
9695
1
2329
1
1462
1
9030
1
9117
1
3879
1
9666
1
6329
1
6324
1
7873
1
863
1
4663
1
367
1
8741
1
4353
1
5166
1
6178
1
1082
1
6997
1
1251
1
1970
1
1406
1
5883
1
4451
1
2767
1
9221
1
6408
1
3115
1
4212
1
7007
1
5578
1
6085
1
8354
1
4432
1
7868
1
6065
1
600
1
5713
1
7321
1
3835
1
9968
1
3696
1
6473
1
5423
1
1228
1
2468
1
4589
1
4251
1
5355
1
8625
1
2125
1
6742
1
3454
1
4920
1
9567
1
6003
1
8925
1
2335
1
8939
1
3192
1
3707
1
6590
1
9168
1
4209
1
8977
1
2439
1
7145
1
6396
1
9294
1
2453
1
9060
1
9405
1
7342
1
282
1
7010
1
5034
1
3440
1
2752
1
5278
1
3371
1
6425
1
8208
1
7126
1
5083
1
3468
1
5529
1
7998
1
4239
1
490
1
3616
1
4517
1
7385
1
4259
1
5465
1
7961
1
1207
1
4166
1
2041
1
1372
1
8304
1
1644
1
8295
1
3266
1
2749
1
3476
1
399
1
877
1
1656
1
3137
1
5062
1
5375
1
7710
1
3370
1
952
1
9846
1
7456
1
7774
1
2800
1
5054
1
2977
1
7716
1
5711
1
117
1
3924
1
1345
1
1582
1
7286
1
6128
1
1580
1
8464
1
4842
1
449
1
4870
1
8292
1
4922
1
3594
1
2513
1
1859
1
6131
1
3910
1
9672
1
3359
1
7977
1
8314
1
2131
1
1394
1
5901
1
7957
1
6468
1
1651
1
7870
1
8718
1
748
1
4493
1
7985
1
5577
1
6327
1
3430
1
7253
1
9314
1
1771
1
426
1
7677
1
9579
1
8388
1
6996
1
7293
1
4450
1
3498
1
966
1
7448
1
1594
1
7729
1
7749
1
711
1
1227
1
4355
1
1494
1
8823
1
8413
1
7286
1
8987
1
6752
1
9149
1
5090
1
6026
1
8620
1
8903
1
3744
1
1617
1
6229
1
2616
1
7192
1
2494
1
2028
1
2303
1
1396
1
1022
1
1940
1
4641
1
4557
1
7435
1
8599
1
1533
1
7569
1
4491
1
3586
1
9042
1
2000
1
1984
1
2933
1
7405
1
2053
1
5605
1
3475
1
7436
1
4844
1
2351
1
2859
1
4292
1
2202
1
2485
1
8759
1
825
1
5730
1
2194
1
2942
1
7272
1
6679
1
6305
1
4966
1
6851
1
7009
1
8869
1
8907
1
5226
1
5814
1
1044
1
9259
1
1299
1
6309
1
2990
1
247
1
2187
1
6884
1
1591
1
1292
1
7379
1
2779
1
7628
1
1669
1
8030
1
6020
1
3722
1
5263
1
4969
1
8307
1
3470
1
1895
1
7944
1
4521
1
916
1
7653
1
715
1
6536
1
9318
1
5173
1
2824
1
4644
1
7701
1
3092
1
240
1
6646
1
2049
1
3212
1
9544
1
3589
1
1811
1
3372
1
1568
1
5551
1
9489
1
6201
1
7142
1
2572
1
5297
1
6055
1
1972
1
2926
1
805
1
9314
1
1187
1
9210
1
2064
1
5524
1
2043
1
3943
1
6120
1
3740
1
6657
1
3184
1
994
1
1813
1
6812
1
5342
1
2456
1
7803
1
3322
1
7291
1
7419
1
9256
1
7800
1
1369
1
3141
1
8844
1
820
1
2
1
6314
1
6163
1
4136
1
7484
1
9866
1
6750
1
7444
1
2231
1
2619
1
6883
1
9327
1
3131
1
7318
1
9755
1
6318
1
2197
1
1805
1
943
1
7033
1
2701
1
5045
1
1359
1
1955
1
4790
1
8246
1
7977
1
3967
1
2347
1
382
1
4820
1
5669
1
6434
1
8395
1
4109
1
6831
1
7798
1
388
1
7657
1
6974
1
2500
1
3271
1
700
1
8044
1
8878
1
6211
1
4031
1
4341
1
2481
1
8350
1
2467
1
7330
1
2458
1
2893
1
7130
1
4277
1
5881
1
4475
1
3191
1
6711
1
6183
1
9345
1
3953
1
1292
1
523
1
7636
1
1072
1
5900
1
5647
1
1347
1
3415
1
4641
1
1751
1
3316
1
2732
1
8620
1
772
1
1934
1
8740
1
4868
1
4524
1
2834
1
6364
1
5422
1
5106
1
6963
1
7426
1
78
1
8410
1
8724
1
5510
1
340
1
2683
1
958
1
891
1
2318
1
9541
1
8988
1
9670
1
1288
1
3689
1
2188
1
7581
1
3445
1
2223
1
1433
1
7929
1
636
1
628
1
9455
1
230
1
7150
1
3410
1
3522
1
3798
1
4780
1
1001
1
2289
1
399
1
3609
1
3014
1
2745
1
9914
1
9134
1
1289
1
3770
1
3820
1
601
1
6863
1
5250
1
904
1
3521
1
9927
1
9203
1
8144
1
6828
1
6704
1
4866
1
9841
1
5892
1
7592
1
1385
1
8483
1
8355
1
3876
1
5488
1
6543
1
1183
1
3932
1
9019
1
4397
1
4341
1
4647
1
379
1
6917
1
6045
1
6164
1
3936
1
3163
1
7666
1
4339
1
3447
1
8390
1
4575
1
199
1
7877
1
8751
1
2989
1
6179
1
9789
1
1625
1
9599
1
2240
1
3839
1
9972
1
3197
1
9919
1
512
1
8501
1
7806
1
5157
1
9044
1
4194
1
5872
1
2840
1
8089
1
4704
1
3968
1
3355
1
6404
1
7092
1
7639
1
3898
1
7825
1
1788
1
4110
1
5815
1
9155
1
4498
1
3305
1
6774
1
3769
1
5432
1
1940
1
7331
1
7614
1
4975
1
8404
1
7617
1
459
1
1262
1
1381
1
6523
1
1047
1
5506
1
5511
1
9298
1
8859
1
7002
1
2227
1
8788
1
1711
1
536
1
6959
1
7491
1
6009
1
2026
1
7864
1
8180
1
1326
1
4529
1
1088
1
2166
1
4487
1
578
1
9735
1
7703
1
1902
1
4938
1
7587
1
3679
1
7807
1
6926
1
2410
1
5251
1
491
1
3482
1
9545
1
4439
1
2947
1
5337
1
6000
1
9011
1
8202
1
8517
1
6517
1
3798
1
3039
1
8567
1
4045
1
5047
1
8076
1
5339
1
4890
1
2653
1
1618
1
8233
1
8028
1
2315
1
4799
1
8823
1
5333
1
4304
1
4470
1
235
1
309
1
1639
1
5012
1
4901
1
6020
1
1064
1
9021
1
5290
1
529
1
768
1
3661
1
705
1
8595
1
5773
1
3684
1
8918
1
1145
1
10000
1
2846
1
2894
1
3024
1
6389
1
8276
1
7573
1
3606
1
7202
1
7536
1
7674
1
846
1
7906
1
3198
1
5900
1
7270
1
2689
1
1470
1
5649
1
6632
1
2993
1
903
1
3322
1
6562
1
5191
1
8827
1
6112
1
3788
1
8250
1
5620
1
4601
1
4946
1
1910
1
6412
1
8442
1
5034
1
7565
1
2552
1
7330
1
6848
1
2448
1
8921
1
1870
1
8777
1
160
1
2391
1
9084
1
1320
1
8238
1
2252
1
7658
1
9434
1
4525
1
7409
1
7442
1
5397
1
963
1
1773
1
5703
1
1121
1
5184
1
6917
1
5563
1
9426
1
171
1
3140
1
812
1
8020
1
4210
1
4757
1
6316
1
8498
1
2198
1
6338
1
1558
1
9461
1
7736
1
3740
1
8899
1
9051
1
5749
1
6915
1
7771
1
1412
1
2095
1
4573
1
6337
1
4578
1
7874
1
8958
1
8568
1
7429
1
923
1
9564
1
3952
1
3206
1
3073
1
556
1
9380
1
3522
1
1628
1
4014
1
4396
1
3898
1
7077
1
8079
1
3843
1
8796
1
9325
1
1382
1
5980
1
1316
1
169
1
8520
1
3204
1
806
1
6899
1
5911
1
8347
1
1465
1
1201
1
9520
1
9830
1
6348
1
9195
1
7496
1
868
1
5890
1
6201
1
2555
1
7146
1
9566
1
173
1
8973
1
5668
1
5171
1
4720
1
4359
1
1628
1
1145
1
2387
1
2370
1
4230
1
4233
1
5343
1
3166
1
24
1
9626
1
3900
1
5988
1
7779
1
7963
1
7709
1
6916
1
165
1
5087
1
4270
1
2824
1
181
1
4905
1
2464
1
3391
1
8716
1
4734
1
2486
1
3967
1
2023
1
9229
1
6425
1
5835
1
9258
1
4946
1
5370
1
7234
1
8474
1
9486
1
3259
1
5681
1
2872
1
8976
1
1678
1
7008
1
5359
1
1023
1
4794
1
3197
1
6696
1
5013
1
5741
1
6361
1
358
1
5428
1
7846
1
3604
1
5394
1
9043
1
9063
1
1659
1
8298
1
2264
1
2048
1
5451
1
8426
1
7381
1
2235
1
7858
1
2397
1
7972
1
8971
1
6199
1
7562
1
154
1
5963
1
5061
1
531
1
2646
1
9670
1
6653
1
5357
1
6803
1
9488
1
4407
1
1133
1
1996
1
6604
1
8885
1
5994
1
2392
1
870
1
3455
1
2745
1
7570
1
6583
1
1005
1
5100
1
1153
1
28
1
4031
1
1696
1
5405
1
1299
1
681
1
1944
1
7493
1
8003
1
8026
1
5133
1
9269
1
9897
1
3737
1
1822
1
5868
1
2406
1
4961
1
8296
1
8048
1
5414
1
322
1
6754
1
8582
1
1861
1
7090
1
8092
1
145
1
5459
1
7546
1
5125
1
9564
1
9446
1
7826
1
478
1
4200
1
7227
1
6009
1
681
1
9791
1
8615
1
5318
1
839
1
8417
1
3272
1
1051
1
7514
1
7934
1
2376
1
3571
1
9154
1
3152
1
3522
1
3601
1
6635
1
2875
1
3565
1
8011
1
6508
1
8669
1
505
1
5122
1
5901
1
4882
1
1905
1
3058
1
4167
1
589
1
1295
1
1816
1
4351
1
3345
1
611
1
3565
1
6172
1
9270
1
8930
1
3149
1
3792
1
6832
1
9381
1
6520
1
4474
1
1900
1
8514
1
5169
1
7752
1
9602
1
9440
1
4046
1
4154
1
8013
1
8910
1
6704
1
8196
1
3843
1
6436
1
519
1
5780
1
192
1
1802
1
901
1
516
1
160
1
8967
1
4712
1
9153
1
2654
1
189
1
5380
1
5062
1
5749
1
6883
1
2610
1
3815
1
5035
1
749
1
5736
1
2247
1
3942
1
5236
1
2840
1
3637
1
6833
1
9479
1
1906
1
1799
1
4122
1
7889
1
5449
1
445
1
6530
1
8843
1
3648
1
2607
1
8622
1
1232
1
235
1
2103
1
1732
1
9819
1
8531
1
2529
1
37
1
6744
1
1510
1
1402
1
6699
1
704
1
1042
1
1291
1
9912
1
2789
1
1512
1
1457
1
7076
1
36
1
8231
1
6648
1
6064
1
7214
1
7109
1
2151
1
5799
1
3232
1
5871
1
4680
1
4006
1
7404
1
8342
1
9321
1
634
1
7970
1
6905
1
670
1
6116
1
3087
1
9304
1
6120
1
2659
1
3162
1
6200
1
767
1
8703
1
5746
1
7337
1
9694
1
6711
1
7168
1
5384
1
6863
1
3411
1
2268
1
5274
1
8426
1
890
1
1510
1
7964
1
8722
1
5400
1
7427
1
1453
1
9947
1
4761
1
1185
1
2409
1
6729
1
8317
1
3976
1
3618
1
3702
1
9586
1
7722
1
6511
1
7633
1
9001
1
359
1
3685
1
4409
1
5615
1
8937
1
5369
1
4882
1
8393
1
381
1
3392
1
8944
1
8459
1
9421
1
7465
1
7691
1
7174
1
1649
1
488
1
8591
1
9372
1
6487
1
751
1
8529
1
1394
1
7406
1
4514
1
6066
1
1394
1
8448
1
8238
1
8995
1
475
1
5963
1
4748
1
8261
1
5601
1
4239
1
5650
1
6901
1
6249
1
803
1
185
1
3828
1
786
1
4687
1
2731
1
3968
1
4972
1
975
1
8976
1
3646
1
3783
1
5894
1
7677
1
1777
1
2197
1
8222
1
5120
1
9317
1
8231
1
3187
1
3242
1
4845
1
3172
1
6739
1
1930
1
4729
1
342
1
7748
1
7900
1
5765
1
384
1
3210
1
7297
1
4347
1
6790
1
3476
1
585
1
5203
1
2540
1
3790
